1936532584
1634719500
1273790707
1827633631
1502586642
2413033582
3630557052
1580378342
5154329829
2247995961
1954659271
1586230953
1835634991
2701050584
1697315380
3513592353
1751706233
1861903724
2034240492
5107681487
3938296197
3186602730
1669004667
1400606921
2127725995
2208299293
1839316082
3158405855
1072483597
1774637547
3736127683
2757074292
2919538072
2051419135
2195905084
3032215734
2097581362
2368854421
1117600973
1319599227
1764719841
5172781515
1207702324
1652328555
2723698963
1891055893
2202099710
1432547143
5091503806
5233633152
1426513535
1836864724
2136822975
1777728102
1649915364
1582660605
3203108925
2716783583
2435223355
3284373015
1223825144
2146071933
2110761345
1785421175
3824646039
2161960372
2000276491
1732564884
1651821500
2104968387
1678947085
1915374825
2640145465
1785057551
2239791927
2849279471
3091635465
2256838824
2420583487
2678859232
2459960102
1220548423
2090731071
1608713930
3312867122
1992299113
2504411654
1646155407
1748936567
1440490420
2382119067
1918287381
1850630765
1655747731
2963211343
2674493815
1718387713
2048861983
1801003291
1402309551
2648615382
2151045923
1415991151
1069290177
2033232662
3578933873
1066767047
2462299154
2150136421
1663557480
1220717385
1300506787
5193470792
3780589487
1905458203
2837834285
3244296303
1158292330
1892441894
1652168955
1740015603
1924649773
1776513994
2367360124
3023257457
1732420657
1711802727
1355128087
3880528627
1645424524
1200793624
1726775477
2632834602
2152363822
1675650237
2471501732
2847477384
2067199563
2298796091
2499500745
1957704074
2004902793
1941168927
5057669674
2917791442
3845275084
1268329002
2039801083
3983569743
2491050881
3220427564
3286480647
1901653013
1880718637
2453563490
1947192045
2919302770
1220264347
2694631595
1993426483
1239872091
1481568635
3047982161
1726758020
3787856812
2332211820
2656761673
2126296185
2929729841
3709675291
1406912940
1910988803
2704860315
1265122463
2710898280
1688057195
3924892534
2313749274
2109414187
2473957972
1731266341
1458729380
1878198065
1662715432
1903205887
5034127902
5108901016
1846812330
1432737125
1553953317
1359178861
2625767443
3230804210
1949390344
2990118601
1806299860
1715358767
3614271557
1875457781
2242807957
1742020937
3044323164
3221565623
2568514084
1247041604
1693538982
3153415763
2919748622
7706688
1263475447
1762512843
2951836347
1677421607
3621209324
1828095442
3317848795
3171281672
2400933855
2633471752
2920083524
1918896744
1828805445
2182148343
1153841822
2787257020
1987467791
1770619461
1879049744
1931129505
1169625362
5049189777
2698748003
1821413697
1700654035
1338478042
1879371580
2122975847
1769252252
5079696589
2122086497
2020003917
2706840313
1760939424
2408204415
1303863155
2017508773
1655630133
1221135471
3750668894
1703981433
2609447472
1239211110
1478009865
1998318037
2533907071
2334405025
1805313445
1837566864
1423458892
2230312134
1099016114
2661874170
2030684847
2277880823
2906366232
2684912925
2013359925
1707862365
1619722840
1993492553
1963614283
1986565297
1978028773
1660160861
2461422532
2799898541
1408767513
2284037155
1597339267
1496283157
3194691274
1116568230
1407147741
3284249577
2307126300
3173135001
2809885944
1881031080
1788392751
3731295614
2074624127
3081520713
3296415245
1728195341
2248192550
2590100797
1733654624
2740193031
5017471873
2427317505
1152832665
1866000191
2027866063
3173426137
2005654121
3226166343
1841450782
2166081937
1689652780
5311569474
3873036349
1649623945
2686843021
1296410263
1753254585
1798200834
1896429770
1851479723
2216038470
2860293634
1591959150
1653812291
1740565735
2813026875
1245071407
2339041187
2353165330
3962189480
1857233131
2851898452
5117559433
5365321577
2324129127
3704990824
2845961785
1677246361
3204470172
2093005424
2645130611
1994431242
1796301751
1828943861
3109742351
2027593567
1844794734
5328038792
2465005680
1656948385
2292589987
2817030635
3477966397
1294734383
3005825442
1676316271
1649144942
2255036057
2562589005
1772722851
1771548563
5097643375
1263007131
2029154257
1411459970
2703784091
2467803770
2026494443
2615902927
1299307924
5087418682
2633863785
1961725283
1627052591
2827373342
1624785391
1747212491
1528659620
1764440211
1938881821
1905791841
2640512075
1688873672
2463457834
1318581741
5082711596
3195344365
1909382403
2035408144
2404438263
1197830407
5086795867
3935082300
1097616202
3168361812
2353574501
3282278214
1597764532
1403928423
1846937284
5097113335
2852020710
1732476343
5224096828
3529332125
2024778113
1275518867
2005024393
1933149945
1929610490
2689046653
2092628932
1495607493
3473902114
3174708974
2568399711
2652313501
2184574813
2680943870
1899303175
2371191640
1935734347
3116872175
1765990882
1800558127
3220511781
1904841795
3219079085
1652761284
2169501143
5154534562
1028147147
2088033573
2373573293
1559517293
3203291837
2665996927
5105170204
3978659821
1636078893
1583933961
1349520847
1653403755
1826284023
1654734003
2412754864
1905538303
1645856472
2003457901
2931841783
1373061684
1881247710
1652016780
1859548564
2694559134
1794505634
1907323570
1254198692
1784419410
1623375263
2104257925
1963253037
1600278000
2420307084
2406612833
1974010503
1897584135
1582974420
3626429223
2173487860
3910624155
3067494814
1802652022
2959241742
1221901842
2115486877
2354896275
3929328829
2034108467
1720371661
2012698455
2135849677
1859168324
3966391604
2383346072
2877625822
1838248980
1653620370
5361364584
1938075567
1180858460
2699393724
2815035442
1663115815
2900189271
3190969007
1420080113
1413403317
1962244891
1180116111
1784210377
1764172201
1979902805
5060871960
1503843570
1401648382
1250587381
2526658080
5291053214
1721110534
3768724891
3730933084
1672458434
2675138843
1426858322
2671123600
3188765317
1710301442
3264312854
1652338413
1611969243
3201937105
1884181060
3024258417
1879785852
2208780844
3849812149
2875153042
1677761165
1558375154
5288980286
3218393681
1677153790
3655242994
2854146147
1955249537
1862718745
5034639630
2629892481
2493894970
2689389491
5026578674
1700218441
2210774837
3762837910
2352580453
1912308551
1153669391
3250976630
2911743581
2646159745
2269393963
1346962007
1768890781
1871792114
1002221694
3354829144
1696353815
2920846354
5083996800
1744944991
1049366697
3023447072
3040825893
1550373712
1896125583
3596894622
2877275887
1707591993
1752010283
2138306863
2705504421
3116544043
1968242215
1662124580
2041746462
1791923753
1409965275
1403192624
1687404113
1885934167
3535447943
1750930434
1356177394
1752472233
3045272474
2243298215
1764362322
3068054765
5331951873
1927523565
2380107465
1845415721
1794378507
3214268907
5207185928
1834913740
1156026763
5147697022
5221157507
2117304345
3138323987
1989694685
3159855737
3771172567
1401709272
2265683021
1983306734
2187841473
1783475225
3902749862
2018747750
2068665920
2115729232
2658487692
3177344975
1566223952
1679335184
2865409614
2887602053
3198498602
2815288002
3140462540
3883220475
2375928463
3144634343
3356731812
3024065064
2608095175
3910725782
1461419475
2188381747
1713762472
1346173604
1919039227
3753768015
2721298721
2277815433
2095803521
2113337641
1262258134
1709847574
2667319035
1230476015
2787240080
2000915922
2390274367
2263972354
2420605571
5191737828
2299402293
2275415971
2788674462
1627168497
2279355212
1627187922
2693162665
1093345107
2294362275
2378814754
1674077771
1903036330
2377673394
3477543102
2252164235
1704385324
2844736875
2834461650
3109825981
2847070880
2662562332
2803238922
1639758483
2206492335
2124140625
1730246830
1978520454
2813107252
2789823340
1997305485
1817676860
3816520176
3525120082
1446597690
1946201320
2194499211
2974718543
2121023864
1747141823
2062620253
1757135125
2782770540
1990244114
2746250975
1660646684
1844550681
3141209144
2035210177
1855620507
1510616267
1406406481
3066951627
2795092021
1914879432
1846812643
3566825575
3246948154
1496815333
1219735484
2614198903
2803280734
2113544032
3922362888
2143852625
1776888127
1908769902
2939074915
2083277814
3477512023
2345031212
3642760147
1713553325
1729121654
1782905435
1818775593
2070523287
1008600000
1622882892
3044151142
3956800123
3146757481
2038300462
1656270881
2303716891
1801984572
3934359905
3225784654
1246419995
1944423437
2566006340
1815145512
1583471415
1665119513
2292136212
2716047127
2030150083
2692955010
1571546450
3333164954
1735173672
1116401855
1104212645
2144850055
1879398194
1738257530
1890553524
1766410004
2008534510
1341031341
1566227085
3902782299
2308352262
1812598861
1671777110
1949734395
1854766505
2588356560
1911670575
3254102774
5249016874
3045038354
1578730014
1140543072
1780181303
5061150355
1825756424
1747927842
2132691662
2439768873
1699081574
1811944584
1883522247
2541165660
2920629562
2064521345
2880185462
1909576411
2771727505
1909067681
1594548831
2046861653
1905028324
1210139484
1797824830
2070653867
1727747443
2823875222
2898749243
1061872121
2928873347
1075227445
1742757537
1738454535
2952485733
2282313172
1748068541
1728746660
1825352551
3656478670
3564331180
1710574821
1292086533
1642024477
1797353311
1093814742
1351866463
1822790763
2915873522
3247555132
1710384862
1931628261
2045134284
1880326795
2645737090
1796622050
1693086432
2302059660
1798039343
1748826541
1866582234
2805069237
2607047925
5167595325
5368164042
5258403121
2003468705
3416529294
1725654404
2135716087
5069510103
1617671040
2675720351
1222063392
2882608872
1751177163
1266124490
2281515660
1735260311
1740216054
2111673127
3460607334
2855177052
3485058867
5219997856
3187898660
1872629847
1600614190
2504155254
1826448051
2854123314
2919432824
1756574865
2878976365
3259864770
5304934021
3024772983
2065421495
2633115233
2982922141
2711068151
3318373423
2677688514
1980538373
2812932235
3626778502
2393121135
5258412675
2301600572
2826814297
2457234452
1182786547
2138904675
3166128381
3637411221
1747281264
1866485624
5242692943
1077521625
1801971724
2618442457
3047849635
1834642107
2842143511
1700523590
2564379557
5117712952
1052533892
1826654785
1710042267
2803889180
1805150373
2694579947
1778280130
2702578270
2804172872
2626788773
2158484201
1301417023
1494786503
2792244273
2912629047
1783167827
1770028914
3854254445
1219777977
1678086803
1569039634
1889084222
3122591833
3201925552
3003691093
1497615760
1886369067
2478879074
2516304892
3791069391
2813554083
1588188402
3850085527
1722848260
1402648941
2780806087
2422830103
2366388794
1657699903
1742108605
1865990557
1508085252
2142523537
1153308565
2809127765
2489195024
2745827925
1273770391
2736366181
2920226172
2625115501
3142293307
2502074933
1651208921
5304514037
1620339464
1652971077
2793862775
2446786312
1233939983
5071337683
1561777384
3219535321
1210261742
3973851608
2236331124
2136763044
2028816110
3314161634
2090892582
1862898782
1686623142
2427048544
2181760631
1270994281
2526846053
1912470895
2274830294
2808511003
2152019360
3947672957
2708292243
3497678841
1063836320
1963620663
3864738401
2953652515
2338738350
2920354972
3071210151
1926786573
2025110552
3898368980
1677904337
2741583673
2215157975
1649303891
5243866693
1884820045
2198539514
2713785933
2675890291
2029022313
2275377347
2672256384
1648334893
