1936532584
1634719500
1273790707
1827633631
1502586642
2413033582
3630557052
1580378342
5154329829
2247995961
1954659271
1586230953
1835634991
2701050584
1697315380
3513592353
1751706233
1861903724
2034240492
5107681487
3938296197
3186602730
1669004667
1400606921
2127725995
2208299293
1839316082
3158405855
1072483597
1774637547
3736127683
2757074292
2919538072
2051419135
2195905084
3032215734
2097581362
2368854421
1117600973
1319599227
1764719841
5172781515
1207702324
1652328555
2723698963
1891055893
2202099710
1432547143
5091503806
5233633152
1426513535
1836864724
2136822975
1777728102
1649915364
1582660605
3203108925
2716783583
2435223355
3284373015
1223825144
2146071933
2110761345
1785421175
3824646039
2161960372
2000276491
1732564884
1651821500
2104968387
1678947085
1915374825
2640145465
1785057551
2239791927
2849279471
3091635465
2256838824
2420583487
2678859232
2459960102
1220548423
2090731071
1608713930
3312867122
1992299113
2504411654
1646155407
1748936567
1440490420
2382119067
1918287381
1850630765
1655747731
2963211343
2674493815
1718387713
2048861983
1801003291
1402309551
2648615382
2151045923
1415991151
1069290177
2033232662
3578933873
1066767047
2462299154
2150136421
1663557480
1220717385
1300506787
5193470792
3780589487
1905458203
2837834285
3244296303
1158292330
1892441894
1652168955
